4 0.46015625 0.328125 0.06484375 0.07421875
1 0.45703125 0.36328125 0.0578125 0.06015625
4 0.69140625 0.3796875 0.03359375 0.0484375
4 0.3140625 0.4265625 0.040625 0.07421875
4 0.91953125 0.43046875 0.06015625 0.06484375
4 0.41953125 0.44375 0.0265625 0.053125
4 0.56015625 0.4515625 0.03359375 0.03125
5 0.68984375 0.52421875 0.071875 0.18515625
5 0.5625 0.5734375 0.0625 0.15859375
5 0.3171875 0.58046875 0.084375 0.23046875
5 0.9171875 0.6625 0.11796875 0.2984375
5 0.44609375 0.66328125 0.14921875 0.415625
2 0.26953125 0.67421875 0.01953125 0.0453125
2 0.97578125 0.790625 0.0140625 0.0359375
2 0.86171875 0.80078125 0.021875 0.03828125