4 0.74609375 0.1546875 0.06953125 0.10546875
4 0.359375 0.24140625 0.0671875 0.1390625
4 0.53828125 0.2984375 0.06015625 0.125
5 0.16953125 0.4109375 0.146875 0.39453125
5 0.34375 0.44140625 0.12734375 0.271875
5 0.0734375 0.45703125 0.0765625 0.18046875
5 0.73671875 0.4578125 0.134375 0.36796875
5 0.2390625 0.4734375 0.03828125 0.18046875
5 0.64921875 0.4984375 0.05546875 0.14921875
5 0.40390625 0.5140625 0.03359375 0.134375
5 0.27734375 0.5171875 0.02890625 0.15859375
5 0.796875 0.525 0.05078125 0.20703125
5 0.4546875 0.5359375 0.04296875 0.1734375
5 0.51796875 0.5359375 0.13203125 0.32421875
5 0.5671875 0.5359375 0.053125 0.2046875
2 0.07109375 0.56953125 0.02890625 0.06953125
2 0.2328125 0.57421875 0.01171875 0.06484375
5 0.1546875 0.603125 0.1703125 0.77890625
5 0.33984375 0.6046875 0.15390625 0.615625
2 0.6390625 0.61640625 0.0265625 0.10078125
5 0.7140625 0.63125 0.18046875 0.71875
2 0.77890625 0.65 0.03359375 0.1109375
5 0.95703125 0.6546875 0.08203125 0.4546875
5 0.5171875 0.65859375 0.1515625 0.5765625
5 0.89453125 0.734375 0.0796875 0.2359375
4 0.1859375 0.1359375 0.0796875 0.15390625