4 0.4859375 0.1390625 0.06953125 0.09609375
4 0.0796875 0.18984375 0.06015625 0.09609375
4 0.2171875 0.2640625 0.05078125 0.10078125
4 0.6671875 0.271875 0.0796875 0.1078125
4 0.35 0.2796875 0.0578125 0.08671875
5 0.0828125 0.390625 0.115625 0.2765625
5 0.0171875 0.40390625 0.03359375 0.1390625
5 0.4828125 0.421875 0.1296875 0.34140625
5 0.2296875 0.4234375 0.0984375 0.240625
5 0.14296875 0.43046875 0.03828125 0.15859375
5 0.421875 0.475 0.0265625 0.1203125
5 0.303125 0.48671875 0.01953125 0.1421875
5 0.2765625 0.49375 0.02890625 0.10546875
5 0.53125 0.49609375 0.0484375 0.20703125
5 0.38359375 0.50234375 0.05078125 0.16328125
5 0.178125 0.50390625 0.01953125 0.08671875
2 0.01328125 0.50390625 0.02421875 0.0484375
5 0.3421875 0.5046875 0.10546875 0.28359375
2 0.13359375 0.515625 0.01953125 0.04296875
5 0.08046875 0.5359375 0.1609375 0.5671875
5 0.23046875 0.56015625 0.11796875 0.509375
2 0.415625 0.5875 0.01953125 0.084375
5 0.6453125 0.60234375 0.228125 0.790625
5 0.65625 0.61796875 0.1609375 0.46640625
5 0.3453125 0.62109375 0.12265625 0.521875
5 0.47109375 0.6203125 0.16328125 0.7546875
5 0.55078125 0.678125 0.05546875 0.25703125
5 0.7296875 0.74609375 0.0671875 0.20703125