5 0.1890625 0.25234375 0.08203125 0.1609375
4 0.4640625 0.259375 0.0578125 0.1296875
4 0.6203125 0.2671875 0.05546875 0.10546875
5 0.2765625 0.34609375 0.103125 0.24296875
5 0.58515625 0.38125 0.08671875 0.15390625
5 0.43515625 0.42578125 0.10078125 0.28828125
5 0.3859375 0.4484375 0.06484375 0.14453125
4 0.51796875 0.53828125 0.11328125 0.14921875
4 0.3234375 0.63203125 0.11796875 0.2046875
5 0.43984375 0.64296875 0.11328125 0.2046875
5 0.5890625 0.80234375 0.159375 0.3953125
5 0.29453125 0.828125 0.1921875 0.33671875
5 0.1890625 0.8578125 0.18046875 0.27890625
5 0.53828125 0.89921875 0.09375 0.18515625
2 0.4328125 0.9125 0.0984375 0.1078125
5 0.4046875 0.9109375 0.0890625 0.1734375
4 0.25234375 0.13125 0.071875 0.0796875