4 0.25859375 0.2125 0.0265625 0.04296875
4 0.5484375 0.228125 0.02421875 0.0484375
1 0.25703125 0.234375 0.02421875 0.03359375
4 0.375 0.24609375 0.02890625 0.0453125
4 0.615625 0.25625 0.0265625 0.0453125
4 0.4390625 0.27421875 0.02890625 0.0484375
4 0.50390625 0.28828125 0.021875 0.03359375
5 0.54921875 0.334375 0.05546875 0.12734375
4 0.2546875 0.3421875 0.0625 0.15625
5 0.5671875 0.34765625 0.01953125 0.09140625
5 0.36796875 0.3484375 0.040625 0.12734375
5 0.43515625 0.3578125 0.0484375 0.115625
5 0.34375 0.3578125 0.02421875 0.071875
5 0.5 0.375 0.04296875 0.115625
5 0.51796875 0.375 0.01953125 0.071875
5 0.61171875 0.375 0.06015625 0.15390625
5 0.46171875 0.38203125 0.0140625 0.0484375
5 0.47734375 0.384375 0.0140625 0.06015625
5 0.4125 0.38671875 0.01171875 0.053125
2 0.52421875 0.4015625 0.00703125 0.040625
2 0.55859375 0.40390625 0.009375 0.03828125
5 0.5515625 0.41328125 0.05546875 0.30546875
5 0.36328125 0.41328125 0.06015625 0.25703125
5 0.43515625 0.41796875 0.05546875 0.2546875
5 0.58046875 0.421875 0.0171875 0.071875
5 0.63828125 0.42421875 0.02421875 0.06484375
5 0.49765625 0.43046875 0.05546875 0.23046875
5 0.2546875 0.43984375 0.08671875 0.3390625
5 0.615625 0.4515625 0.06953125 0.30546875