4 0.0765625 0.16796875 0.06015625 0.09140625
4 0.2234375 0.2359375 0.053125 0.1078125
4 0.6875 0.240625 0.0796875 0.1109375
4 0.3546875 0.25625 0.0578125 0.0796875
5 0.0796875 0.3796875 0.11328125 0.29296875
5 0.49609375 0.396875 0.11796875 0.31484375
5 0.23203125 0.4 0.0984375 0.240625
5 0.01171875 0.4078125 0.0171875 0.1421875
5 0.14296875 0.41796875 0.0453125 0.134375
5 0.43359375 0.45703125 0.02890625 0.115625
5 0.2796875 0.46640625 0.02421875 0.09140625
5 0.30625 0.4703125 0.021875 0.134375
5 0.18125 0.47265625 0.0171875 0.07421875
5 0.353125 0.4734375 0.10546875 0.2984375
5 0.38828125 0.475 0.06015625 0.178125
5 0.5359375 0.49140625 0.0671875 0.196875
2 0.01171875 0.49453125 0.0234375 0.0484375
2 0.134375 0.5 0.021875 0.053125
5 0.08515625 0.5265625 0.16796875 0.584375
5 0.2359375 0.5453125 0.125 0.5140625
2 0.428125 0.5734375 0.02421875 0.10078125
5 0.66796875 0.59140625 0.1875 0.459375
5 0.4890625 0.59765625 0.16328125 0.771875
5 0.35703125 0.6 0.115625 0.56015625
2 0.5109375 0.6234375 0.03359375 0.12265625
5 0.571875 0.6578125 0.0765625 0.24765625
5 0.64765625 0.67890625 0.2328125 0.61796875
5 0.74765625 0.7203125 0.06953125 0.19921875
4 0.4953125 0.12109375 0.07421875 0.09140625