4 0.115625 0.14765625 0.23046875 0.29296875
4 0.9 0.27421875 0.08671875 0.14453125
4 0.68046875 0.30546875 0.0625 0.07421875
4 0.41953125 0.3140625 0.07421875 0.13671875
1 0.1078125 0.32421875 0.209375 0.178125
4 0.55390625 0.33203125 0.0671875 0.125
5 0.91015625 0.40625 0.1390625 0.16328125
5 0.67578125 0.43984375 0.103125 0.16328125
5 0.546875 0.44453125 0.10546875 0.1421875
5 0.38671875 0.46015625 0.1390625 0.2046875
5 0.703125 0.46640625 0.07421875 0.13671875
5 0.94921875 0.47265625 0.09609375 0.11796875
5 0.63203125 0.50390625 0.0453125 0.11796875
5 0.68125 0.52890625 0.12265625 0.33671875
5 0.553125 0.540625 0.11328125 0.33203125
5 0.52265625 0.5625 0.05546875 0.13203125
5 0.5796875 0.5640625 0.05546875 0.14453125
5 0.35703125 0.56640625 0.115625 0.1703125
5 0.390625 0.56640625 0.18046875 0.384375
5 0.4625 0.56953125 0.08203125 0.15390625
5 0.83984375 0.578125 0.06953125 0.146875
5 0.915625 0.5828125 0.15859375 0.48828125
5 0.13125 0.73203125 0.26171875 0.53125