4 0.57109375 0.27890625 0.1609375 0.1875
1 0.55078125 0.36796875 0.12734375 0.115625
4 0.459375 0.5140625 0.05078125 0.0765625
2 0.43046875 0.5578125 0.0265625 0.04296875
5 0.4 0.60234375 0.06953125 0.10078125
5 0.08515625 0.62265625 0.134375 0.2984375
5 0.16484375 0.646875 0.06015625 0.1390625
5 0.42421875 0.69921875 0.0359375 0.146875
2 0.2015625 0.70546875 0.01953125 0.08671875
5 0.10703125 0.734375 0.2140625 0.5265625
4 0.18515625 0.75390625 0.040625 0.10078125
5 0.5625 0.76953125 0.30078125 0.44921875