2 0.32109375 0.290625 0.0171875 0.0359375
4 0.43046875 0.34140625 0.05078125 0.0484375
4 0.25234375 0.353125 0.0359375 0.03828125
5 0.30390625 0.3546875 0.0453125 0.11328125
1 0.428125 0.36328125 0.03828125 0.04296875
2 0.62734375 0.36875 0.0140625 0.0484375
4 0.49296875 0.38203125 0.02421875 0.03828125
2 0.5796875 0.3890625 0.009375 0.0265625
5 0.2078125 0.4 0.03828125 0.0765625
2 0.7296875 0.40859375 0.0265625 0.04296875
2 0.5046875 0.4125 0.01171875 0.01953125
4 0.3453125 0.41328125 0.021875 0.0265625
5 0.58515625 0.4203125 0.02421875 0.0625
4 0.66015625 0.42578125 0.0453125 0.03828125
5 0.62265625 0.43359375 0.02890625 0.0765625
5 0.5171875 0.43984375 0.03359375 0.0578125
5 0.7046875 0.4515625 0.04296875 0.0765625
5 0.25390625 0.4546875 0.06015625 0.15390625
5 0.55859375 0.46171875 0.053125 0.134375
5 0.31640625 0.4703125 0.02421875 0.0359375
5 0.3609375 0.478125 0.02890625 0.03359375
5 0.34765625 0.5015625 0.03828125 0.10546875
5 0.26171875 0.5140625 0.14453125 0.478125
5 0.4234375 0.5328125 0.09375 0.26171875
5 0.5484375 0.53828125 0.0984375 0.384375
5 0.65234375 0.546875 0.0671875 0.16328125
5 0.3453125 0.55546875 0.05546875 0.24296875
5 0.68046875 0.5953125 0.134375 0.40859375
5 0.4171875 0.671875 0.134375 0.51171875