4 0.4703125 0.36328125 0.05546875 0.05546875
4 0.6453125 0.390625 0.03125 0.053125
1 0.4671875 0.3921875 0.05546875 0.0484375
4 0.31640625 0.4203125 0.0359375 0.071875
4 0.41015625 0.4390625 0.02890625 0.053125
4 0.83203125 0.446875 0.03359375 0.053125
4 0.53359375 0.459375 0.021875 0.03828125
5 0.63828125 0.51796875 0.0578125 0.1734375
5 0.609375 0.5484375 0.0265625 0.0984375
5 0.6734375 0.55078125 0.02421875 0.0796875
5 0.3171875 0.55625 0.071875 0.19921875
5 0.5359375 0.55625 0.03359375 0.11328125
5 0.3796875 0.57109375 0.0140625 0.10546875
5 0.55390625 0.57421875 0.01953125 0.08203125
5 0.27421875 0.58046875 0.01953125 0.10546875
5 0.3546875 0.584375 0.0265625 0.1109375
2 0.6734375 0.603125 0.01171875 0.04296875
2 0.60703125 0.6140625 0.01953125 0.0671875
5 0.45703125 0.61796875 0.11328125 0.31953125
5 0.63828125 0.6265625 0.08203125 0.36328125
5 0.8296875 0.6359375 0.08671875 0.24296875
2 0.2703125 0.6453125 0.0171875 0.0578125
2 0.35546875 0.65234375 0.0140625 0.03359375
5 0.32109375 0.6546875 0.08671875 0.3890625
5 0.78515625 0.671875 0.03125 0.15859375
5 0.87890625 0.67421875 0.0265625 0.1078125
5 0.46640625 0.728125 0.16796875 0.53828125
5 0.82578125 0.7328125 0.1203125 0.45703125
2 0.8796875 0.74609375 0.01171875 0.03828125
2 0.7921875 0.75625 0.01953125 0.053125