1 0.63828125 0.26796875 0.03359375 0.0453125
4 0.73203125 0.375 0.04296875 0.0453125
4 0.2546875 0.384375 0.040625 0.0359375
4 0.36875 0.3953125 0.02421875 0.03828125
4 0.5640625 0.39921875 0.02421875 0.04296875
5 0.4484375 0.40390625 0.10078125 0.3578125
5 0.6390625 0.4796875 0.10546875 0.28359375
5 0.3734375 0.5015625 0.053125 0.15390625
5 0.56484375 0.50234375 0.0265625 0.134375
5 0.25 0.51328125 0.0578125 0.15859375
5 0.37734375 0.5296875 0.03125 0.0984375
5 0.25703125 0.5375 0.040625 0.09609375
5 0.37890625 0.5734375 0.03359375 0.30546875
5 0.2515625 0.5828125 0.0984375 0.321875
2 0.6109375 0.58515625 0.03359375 0.06015625
5 0.475 0.6109375 0.2046875 0.77421875
5 0.646875 0.6453125 0.14921875 0.6078125