4 0.078125 0.1703125 0.053125 0.10078125
4 0.225 0.2328125 0.05546875 0.1109375
4 0.68984375 0.240625 0.0890625 0.11796875
4 0.3546875 0.26171875 0.06015625 0.08671875
5 0.0171875 0.4 0.0265625 0.146875
5 0.2328125 0.4046875 0.10078125 0.24296875
5 0.49296875 0.40625 0.134375 0.3390625
5 0.14765625 0.41015625 0.04296875 0.15859375
5 0.4328125 0.44921875 0.0359375 0.14453125
5 0.18359375 0.46015625 0.021875 0.08671875
5 0.31015625 0.4671875 0.0265625 0.14921875
5 0.28125 0.4703125 0.0359375 0.115625
5 0.5375 0.48203125 0.06484375 0.196875
2 0.01171875 0.4859375 0.01953125 0.053125
5 0.353125 0.48828125 0.1078125 0.2984375
5 0.38828125 0.48828125 0.0625 0.1703125
2 0.134375 0.50625 0.01953125 0.06015625
5 0.06953125 0.525 0.13203125 0.57421875
5 0.23671875 0.546875 0.11796875 0.53828125
2 0.42890625 0.56484375 0.01953125 0.09140625
5 0.665625 0.6046875 0.209375 0.46640625
5 0.353125 0.61171875 0.125 0.53828125
5 0.48828125 0.61796875 0.16328125 0.76171875
5 0.57578125 0.65390625 0.0671875 0.240625
5 0.6578125 0.68515625 0.24296875 0.625
5 0.75390625 0.71484375 0.06953125 0.2015625
4 0.49375 0.1140625 0.06953125 0.0984375