4 0.1703125 0.14921875 0.0625 0.09140625
4 0.47578125 0.228125 0.0484375 0.0890625
4 0.3171875 0.2515625 0.0484375 0.071875
4 0.53515625 0.2609375 0.03828125 0.0625
4 0.39765625 0.2671875 0.03359375 0.053125
4 0.60703125 0.29296875 0.03828125 0.09140625
5 0.15859375 0.37734375 0.103125 0.28828125
4 0.7828125 0.39453125 0.06015625 0.0625
5 0.5421875 0.39921875 0.0484375 0.1875
5 0.396875 0.40390625 0.0625 0.18984375
5 0.4734375 0.4125 0.09375 0.25234375
1 0.765625 0.41328125 0.02421875 0.03828125
5 0.5984375 0.4328125 0.08203125 0.2359375
5 0.31484375 0.453125 0.09375 0.2640625
2 0.2203125 0.5203125 0.0171875 0.071875
2 0.4203125 0.5203125 0.01953125 0.04296875
2 0.115625 0.54296875 0.02890625 0.08203125
5 0.65234375 0.5734375 0.14921875 0.39453125
2 0.26328125 0.57421875 0.01953125 0.03828125
2 0.3609375 0.578125 0.0265625 0.0359375
5 0.76953125 0.5828125 0.10546875 0.26953125
2 0.803125 0.7171875 0.021875 0.04296875