4 0.0875 0.16328125 0.06015625 0.0890625
4 0.2234375 0.23828125 0.05078125 0.10078125
4 0.34140625 0.25703125 0.0578125 0.08203125
4 0.61796875 0.2671875 0.084375 0.125
5 0.0875 0.36328125 0.1109375 0.2546875
5 0.02421875 0.3796875 0.03359375 0.134375
5 0.228125 0.38671875 0.08671875 0.240625
5 0.14921875 0.40234375 0.04296875 0.1203125
5 0.46484375 0.40390625 0.125 0.3390625
5 0.18125 0.46015625 0.0171875 0.08671875
5 0.2765625 0.46015625 0.0265625 0.1109375
5 0.29453125 0.46171875 0.02421875 0.12734375
2 0.02265625 0.4703125 0.01953125 0.04296875
5 0.49765625 0.47734375 0.06015625 0.196875
5 0.33984375 0.478125 0.10078125 0.2859375
5 0.36875 0.478125 0.06484375 0.16796875
2 0.13828125 0.48203125 0.0171875 0.04296875
5 0.08671875 0.5015625 0.15859375 0.53359375
5 0.2296875 0.52265625 0.115625 0.49296875
2 0.4 0.5625 0.0140625 0.08203125
5 0.33515625 0.59140625 0.115625 0.521875
5 0.4515625 0.609375 0.16328125 0.74765625
5 0.5984375 0.62109375 0.1828125 0.4640625
5 0.5 0.665625 0.06015625 0.240625
5 0.58984375 0.678125 0.24296875 0.6390625
5 0.6734375 0.7296875 0.06953125 0.196875
4 0.46484375 0.125 0.0765625 0.0890625