4 0.48828125 0.30078125 0.0765625 0.08203125
1 0.48203125 0.33984375 0.06015625 0.06015625
4 0.7171875 0.35546875 0.03359375 0.0578125
4 0.95546875 0.3921875 0.06015625 0.0578125
4 0.34140625 0.39453125 0.04296875 0.06953125
4 0.446875 0.4109375 0.021875 0.03828125
4 0.5890625 0.43125 0.02890625 0.04296875
5 0.71484375 0.5046875 0.071875 0.19453125
5 0.34609375 0.55390625 0.08203125 0.22578125
5 0.5890625 0.5578125 0.06015625 0.15859375
1 0.678125 0.60234375 0.01953125 0.06015625
2 0.75234375 0.60546875 0.01171875 0.053125
5 0.71875 0.615625 0.1078125 0.42578125
5 0.59375 0.61796875 0.0765625 0.29296875
5 0.94453125 0.6265625 0.10546875 0.30078125
5 0.47109375 0.62890625 0.1421875 0.39921875
2 0.303125 0.6453125 0.0140625 0.0484375
5 0.34609375 0.6703125 0.09609375 0.45703125
5 0.48828125 0.703125 0.1921875 0.59375
5 0.93046875 0.7375 0.1328125 0.525
2 0.89453125 0.76953125 0.021875 0.053125