4 0.0453125 0.2515625 0.090625 0.18125
4 0.2484375 0.259375 0.09140625 0.14921875
4 0.859375 0.26953125 0.0671875 0.08203125
4 0.56484375 0.28828125 0.08203125 0.10546875
1 0.8609375 0.321875 0.0578125 0.04296875
4 0.38359375 0.4 0.11796875 0.18984375
5 0.859375 0.4671875 0.13203125 0.21171875
5 0.084375 0.48203125 0.16796875 0.32421875
5 0.259375 0.4828125 0.1421875 0.2453125
5 0.5609375 0.53515625 0.1515625 0.28828125
5 0.2015625 0.54921875 0.08203125 0.1609375
5 0.86796875 0.55625 0.2015625 0.4109375
5 0.10703125 0.5875 0.11328125 0.18046875
5 0.29453125 0.60546875 0.0796875 0.1703125
5 0.62265625 0.6296875 0.0796875 0.2359375
5 0.41015625 0.7484375 0.2015625 0.4234375
5 0.2765625 0.75625 0.1203125 0.15390625
5 0.44375 0.86875 0.1703125 0.25703125