5 0.81015625 0.52734375 0.1296875 0.240625
5 0.42578125 0.52421875 0.1421875 0.23828125
5 0.26328125 0.55625 0.1203125 0.25234375
5 0.071875 0.525 0.11796875 0.31953125
4 0.7984375 0.31640625 0.0796875 0.09375
4 0.5671875 0.259375 0.07421875 0.0890625
4 0.41484375 0.32109375 0.084375 0.0796875
4 0.26328125 0.3421875 0.084375 0.08671875
4 0.1875 0.32421875 0.0625 0.05078125
4 0.1359375 0.2609375 0.05546875 0.0796875
4 0.07578125 0.2671875 0.08671875 0.071875
4 0.0140625 0.3390625 0.028125 0.05
4 0.0109375 0.24609375 0.009375 0.0453125