4 0.48046875 0.37578125 0.0296875 0.0359375
4 0.35703125 0.496875 0.02421875 0.0515625
4 0.4203125 0.5265625 0.03046875 0.04140625
5 0.35625 0.5890625 0.05390625 0.13671875
5 0.41796875 0.61640625 0.04765625 0.146875
5 0.47890625 0.5046875 0.065625 0.2046875
3 0.47890625 0.62734375 0.0328125 0.0328125
3 0.37109375 0.72578125 0.02890625 0.03515625
3 0.4109375 0.7546875 0.0203125 0.0453125
3 0.4265625 0.74921875 0.015625 0.03828125
3 0.3375 0.740625 0.0203125 0.02890625
5 0.24609375 0.46953125 0.0625 0.12890625
5 0.08203125 0.7078125 0.0796875 0.1328125