5 0.365625 0.62421875 0.06484375 0.13671875
5 0.43359375 0.6375 0.0546875 0.13359375
5 0.47421875 0.50390625 0.0609375 0.17265625
5 0.30703125 0.3921875 0.05234375 0.11796875
5 0.16875 0.6515625 0.071875 0.125
5 0.75859375 0.23984375 0.03359375 0.15
4 0.36796875 0.5234375 0.03359375 0.04921875
4 0.43828125 0.54765625 0.0390625 0.04375
4 0.47421875 0.38828125 0.034375 0.0390625
3 0.37265625 0.796875 0.02890625 0.0375
3 0.42421875 0.815625 0.01796875 0.04140625
3 0.45703125 0.75234375 0.02734375 0.034375
5 0.759375 0.9421875 0.084375 0.115625
2 0.1625 0.65546875 0.0203125 0.0328125
2 0.2859375 0.4109375 0.0109375 0.028125