5 0.35859375 0.60546875 0.06015625 0.1328125
5 0.42890625 0.628125 0.053125 0.12421875
5 0.47578125 0.53046875 0.06171875 0.2453125
5 0.140625 0.67890625 0.06796875 0.13515625
4 0.35625 0.50859375 0.03203125 0.04921875
4 0.43515625 0.53984375 0.03828125 0.0421875
4 0.47265625 0.37890625 0.028125 0.03828125
5 0.28984375 0.42265625 0.05234375 0.125
3 0.36015625 0.784375 0.03671875 0.04765625
3 0.434375 0.7796875 0.025 0.04296875
5 0.7375 0.9515625 0.09375 0.096875
5 0.7640625 0.246875 0.0234375 0.13359375
5 0.5015625 0.2046875 0.0296875 0.13828125