5 0.33125 0.5578125 0.02421875 0.07421875
5 0.3609375 0.55546875 0.015625 0.0828125
5 0.3484375 0.5609375 0.015625 0.08046875
5 0.1640625 0.40078125 0.01796875 0.0453125
5 0.4671875 0.596875 0.021875 0.0703125
5 0.4984375 0.61875 0.02734375 0.07734375
5 0.52734375 0.590625 0.03125 0.103125
5 0.6265625 0.61875 0.03203125 0.08515625
4 0.53046875 0.5234375 0.01484375 0.02421875
4 0.47265625 0.54296875 0.0140625 0.0296875
4 0.5 0.56484375 0.01171875 0.028125
3 0.471875 0.684375 0.015625 0.028125
3 0.49609375 0.7046875 0.01328125 0.0234375
3 0.50546875 0.69765625 0.0140625 0.03203125