5 0.15703125 0.38671875 0.0203125 0.04296875
5 0.50078125 0.578125 0.0203125 0.06640625
5 0.54296875 0.6 0.025 0.0734375
5 0.65234375 0.5890625 0.02109375 0.065625
5 0.55625 0.56015625 0.03046875 0.07890625
3 0.484375 0.66328125 0.0125 0.02109375
3 0.5046875 0.6625 0.01328125 0.01640625
3 0.53828125 0.68828125 0.01953125 0.03515625
4 0.50546875 0.52890625 0.0140625 0.0234375
4 0.5546875 0.50390625 0.021875 0.01875
5 0.29921875 0.6046875 0.02734375 0.0640625
5 0.35 0.5453125 0.01953125 0.0640625
5 0.3296875 0.54375 0.021875 0.053125
4 0.54453125 0.55 0.0109375 0.021875