5 0.35703125 0.5328125 0.0359375 0.09453125
5 0.39453125 0.559375 0.03671875 0.0953125
5 0.428125 0.48671875 0.03984375 0.1109375
5 0.775 0.74609375 0.05234375 0.13671875
4 0.36015625 0.4625 0.02578125 0.034375
4 0.3953125 0.49296875 0.01953125 0.02578125
4 0.43671875 0.40703125 0.02109375 0.02890625
3 0.36015625 0.653125 0.02421875 0.0234375
3 0.38203125 0.68515625 0.01640625 0.0328125
3 0.4015625 0.6546875 0.015625 0.02890625
3 0.41953125 0.6046875 0.01796875 0.01953125
3 0.4421875 0.5734375 0.02109375 0.034375
3 0.75078125 0.9171875 0.02421875 0.05234375
5 0.290625 0.3484375 0.02265625 0.06953125