4 0.35 0.47578125 0.01953125 0.028125
4 0.3984375 0.5171875 0.02265625 0.0453125
4 0.4328125 0.415625 0.0234375 0.03828125
5 0.35 0.54921875 0.04140625 0.09453125
5 0.3984375 0.58359375 0.04140625 0.1
5 0.43203125 0.5078125 0.0421875 0.1515625
5 0.81484375 0.70546875 0.0421875 0.13515625
3 0.34453125 0.67890625 0.0171875 0.0421875
3 0.38203125 0.7109375 0.01875 0.040625
3 0.4171875 0.678125 0.01796875 0.0359375
3 0.44921875 0.60078125 0.025 0.03046875
3 0.359375 0.66328125 0.01640625 0.0390625
3 0.4234375 0.61171875 0.0203125 0.02578125