5 0.525 0.5671875 0.021875 0.0671875
5 0.5640625 0.58984375 0.028125 0.0640625
5 0.6671875 0.57421875 0.02890625 0.07734375
5 0.5703125 0.54609375 0.0359375 0.0734375
4 0.571875 0.490625 0.01953125 0.0171875
4 0.5265625 0.5171875 0.0140625 0.02578125
4 0.56640625 0.5421875 0.0140625 0.0203125
3 0.5234375 0.65546875 0.0109375 0.028125
3 0.5625 0.671875 0.01953125 0.02734375
3 0.659375 0.65546875 0.01484375 0.0359375
5 0.15 0.38203125 0.0203125 0.034375
5 0.33125 0.55078125 0.025 0.059375
5 0.346875 0.54921875 0.01484375 0.05625