4 0.3796875 0.55859375 0.0375 0.053125
4 0.45390625 0.584375 0.03359375 0.06484375
5 0.3765625 0.6796875 0.065625 0.15078125
5 0.453125 0.68671875 0.07109375 0.14296875
5 0.2546875 0.546875 0.065625 0.134375
5 0.46328125 0.50390625 0.0625 0.14375
4 0.471875 0.40546875 0.03515625 0.05078125
3 0.37890625 0.8921875 0.03203125 0.04609375
3 0.4015625 0.78515625 0.0140625 0.05546875
5 0.73984375 0.16953125 0.0296875 0.1390625
5 0.82265625 0.88125 0.06796875 0.22109375
5 0.34375 0.3109375 0.05859375 0.1140625