4 0.3703125 0.44453125 0.01875 0.02890625
4 0.40078125 0.4765625 0.02109375 0.0296875
4 0.4609375 0.41484375 0.02109375 0.025
5 0.371875 0.5140625 0.03125 0.0828125
5 0.4 0.53984375 0.028125 0.0828125
5 0.459375 0.50234375 0.03359375 0.12265625
3 0.3546875 0.625 0.0234375 0.03125
3 0.38515625 0.64140625 0.01953125 0.0375
3 0.40546875 0.6328125 0.01875 0.028125
3 0.384375 0.5984375 0.0203125 0.02265625
3 0.434375 0.584375 0.01796875 0.03046875
3 0.46640625 0.5828125 0.0234375 0.02734375
5 0.66796875 0.8375 0.0578125 0.13203125
2 0.68046875 0.86015625 0.0234375 0.03359375