5 0.45546875 0.61640625 0.028125 0.07578125
5 0.4328125 0.58515625 0.02265625 0.06953125
5 0.57109375 0.66796875 0.0296875 0.0875
5 0.5 0.6046875 0.03203125 0.11640625
4 0.43515625 0.53359375 0.01796875 0.025
4 0.4953125 0.521875 0.01953125 0.02109375
4 0.459375 0.565625 0.01640625 0.01953125
3 0.42578125 0.67734375 0.015625 0.025
3 0.44375 0.70546875 0.01484375 0.028125
3 0.47109375 0.69609375 0.01328125 0.02578125
3 0.48671875 0.68125 0.01484375 0.02578125
3 0.5171875 0.66875 0.02109375 0.025
3 0.55546875 0.784375 0.0140625 0.02734375
3 0.57734375 0.75703125 0.01640625 0.028125
5 0.1953125 0.4 0.0203125 0.046875