5 0.471875 0.59453125 0.0234375 0.07265625
5 0.5078125 0.62109375 0.02890625 0.08203125
5 0.5296875 0.5890625 0.0328125 0.1
5 0.63515625 0.61640625 0.03203125 0.0875
5 0.325 0.5734375 0.02421875 0.07890625
5 0.34609375 0.5484375 0.02109375 0.075
5 0.16015625 0.3953125 0.01796875 0.04921875
4 0.47734375 0.54375 0.01640625 0.01953125
4 0.5109375 0.5671875 0.0125 0.02578125
4 0.52890625 0.521875 0.015625 0.03046875
3 0.46640625 0.684375 0.0171875 0.0234375
3 0.48203125 0.66796875 0.009375 0.03203125
3 0.49140625 0.70859375 0.009375 0.03125
3 0.5234375 0.7 0.01328125 0.0296875