5 0.20859375 0.3890625 0.01875 0.04765625
5 0.4359375 0.603125 0.025 0.07890625
5 0.4140625 0.58046875 0.01796875 0.0828125
5 0.48203125 0.5625 0.03203125 0.08828125
5 0.5828125 0.68125 0.03203125 0.084375
4 0.4765625 0.50546875 0.01484375 0.021875
4 0.41875 0.521875 0.01875 0.02109375
4 0.43828125 0.5484375 0.01484375 0.025
3 0.4234375 0.69765625 0.021875 0.028125
3 0.45546875 0.684375 0.0203125 0.0234375
3 0.4109375 0.6703125 0.0171875 0.01796875
3 0.4703125 0.66015625 0.02109375 0.0265625
3 0.4984375 0.6625 0.0171875 0.025