5 0.353125 0.56796875 0.0453125 0.11640625
5 0.409375 0.6046875 0.04296875 0.11171875
5 0.4640625 0.496875 0.0484375 0.175
5 0.18203125 0.54296875 0.0578125 0.1078125
3 0.33671875 0.728125 0.02109375 0.03671875
3 0.37421875 0.69765625 0.0234375 0.028125
3 0.42421875 0.72421875 0.01796875 0.02890625
4 0.3546875 0.490625 0.03046875 0.03984375
4 0.4078125 0.5296875 0.0265625 0.04453125
4 0.471875 0.38671875 0.01875 0.03984375
2 0.02265625 0.80390625 0.015625 0.04140625
3 0.47421875 0.6046875 0.0234375 0.034375
3 0.45390625 0.60078125 0.01640625 0.03046875