5 0.3515625 0.54296875 0.034375 0.0890625
5 0.3953125 0.56640625 0.04453125 0.10703125
5 0.42734375 0.49609375 0.03984375 0.1390625
5 0.790625 0.7203125 0.05234375 0.13203125
3 0.34453125 0.671875 0.01640625 0.0359375
3 0.3796875 0.6375 0.02109375 0.02578125
3 0.396875 0.6921875 0.01875 0.02734375
3 0.43671875 0.59453125 0.01796875 0.021875
4 0.3546875 0.4734375 0.021875 0.03046875
4 0.43203125 0.409375 0.02578125 0.0296875
4 0.39609375 0.50390625 0.02109375 0.025
3 0.78125 0.9015625 0.025 0.05078125
5 0.29609375 0.34765625 0.02421875 0.071875
5 0.32109375 0.36015625 0.02109375 0.0640625