5 0.19140625 0.40078125 0.0203125 0.0453125
5 0.57890625 0.66484375 0.028125 0.09140625
5 0.44140625 0.59765625 0.0234375 0.08359375
5 0.46484375 0.61484375 0.02578125 0.06953125
5 0.50625 0.61328125 0.0375 0.1234375
3 0.5734375 0.7671875 0.01484375 0.01953125
3 0.45390625 0.70234375 0.01328125 0.02890625
3 0.46875 0.70703125 0.01640625 0.01640625
3 0.4890625 0.68828125 0.015625 0.01875
3 0.515625 0.68671875 0.01875 0.02109375
3 0.4265625 0.678125 0.0109375 0.01796875
3 0.4484375 0.68359375 0.015625 0.021875
4 0.503125 0.53046875 0.01875 0.01953125
4 0.46875 0.565625 0.0125 0.0234375
4 0.44375 0.540625 0.01640625 0.0203125
5 0.36328125 0.5375 0.02109375 0.0703125
5 0.3828125 0.52890625 0.01875 0.0609375
3 0.56328125 0.75859375 0.01171875 0.028125