5 0.346875 0.56328125 0.0390625 0.1109375
5 0.3984375 0.584375 0.04140625 0.1046875
4 0.34765625 0.4828125 0.0265625 0.03515625
4 0.39921875 0.515625 0.025 0.034375
4 0.4359375 0.4203125 0.02109375 0.03203125
3 0.34921875 0.69453125 0.02109375 0.02109375
3 0.40625 0.7140625 0.02109375 0.028125
3 0.4359375 0.6296875 0.028125 0.02890625
3 0.44140625 0.596875 0.02265625 0.02578125
3 0.3609375 0.66796875 0.01640625 0.03203125
5 0.43828125 0.50546875 0.0453125 0.13515625
5 0.8453125 0.70234375 0.04375 0.140625