4 0.34921875 0.48828125 0.0234375 0.0390625
4 0.4078125 0.53125 0.02265625 0.046875
4 0.46640625 0.396875 0.0234375 0.034375
5 0.35234375 0.5734375 0.0515625 0.1234375
5 0.40625 0.6015625 0.040625 0.1171875
5 0.4953125 0.5921875 0.00390625 0.00078125
5 0.4625 0.50703125 0.05078125 0.17109375
3 0.3984375 0.746875 0.02265625 0.04453125
3 0.43359375 0.70625 0.02109375 0.03359375
3 0.3484375 0.7171875 0.01796875 0.04453125
3 0.365625 0.66015625 0.01328125 0.04921875
5 0.9484375 0.67265625 0.06015625 0.15234375
5 0.7890625 0.33828125 0.02578125 0.0609375
3 0.88984375 0.8125 0.021875 0.028125
3 0.9296875 0.859375 0.03984375 0.0359375
3 0.4546875 0.61953125 0.0234375 0.04140625