5 0.1671875 0.4 0.02109375 0.03984375
5 0.3328125 0.55078125 0.01796875 0.059375
5 0.35546875 0.54453125 0.01875 0.0625
5 0.3703125 0.5375 0.01484375 0.0625
5 0.4640625 0.5984375 0.028125 0.078125
5 0.49453125 0.625 0.02734375 0.0828125
5 0.525 0.60078125 0.02890625 0.1046875
5 0.62109375 0.63515625 0.025 0.08515625
4 0.4671875 0.54375 0.01328125 0.0234375
4 0.49609375 0.571875 0.0125 0.025
4 0.52734375 0.5265625 0.0171875 0.021875
3 0.45078125 0.68671875 0.0140625 0.02734375
3 0.475 0.6859375 0.0140625 0.02265625
3 0.47890625 0.71484375 0.0140625 0.025
3 0.50234375 0.7078125 0.01640625 0.01796875
3 0.51328125 0.68671875 0.01484375 0.02109375
3 0.528125 0.68203125 0.01015625 0.021875
3 0.6125 0.7359375 0.0125 0.0296875
3 0.6234375 0.70859375 0.009375 0.02734375