5 0.353125 0.59609375 0.05234375 0.13203125
5 0.4203125 0.625 0.0375 0.12421875
5 0.26640625 0.4390625 0.0484375 0.125
5 0.4765625 0.5359375 0.06328125 0.24296875
5 0.7046875 0.975 0.08984375 0.05
5 0.11171875 0.70859375 0.08359375 0.12890625
4 0.35234375 0.49921875 0.034375 0.04921875
4 0.42890625 0.53203125 0.03125 0.0375
4 0.48203125 0.384375 0.03046875 0.0390625
3 0.34921875 0.76640625 0.02265625 0.04609375
3 0.4140625 0.7984375 0.0234375 0.040625
3 0.3890625 0.70625 0.0390625 0.04375
3 0.43515625 0.72734375 0.02578125 0.04296875