4 0.425 0.52578125 0.01953125 0.0171875
4 0.484375 0.51875 0.0140625 0.021875
4 0.45078125 0.559375 0.01328125 0.02109375
5 0.2015625 0.396875 0.01875 0.040625
5 0.4484375 0.60703125 0.02578125 0.06875
5 0.4265625 0.58046875 0.02578125 0.0609375
5 0.49375 0.58046875 0.02890625 0.0890625
5 0.5703125 0.67578125 0.03671875 0.0875
3 0.4515625 0.69921875 0.01796875 0.01640625
3 0.43359375 0.6921875 0.01484375 0.03125
3 0.41640625 0.6703125 0.01640625 0.0296875
3 0.4921875 0.6765625 0.021875 0.0234375
3 0.57421875 0.79140625 0.01015625 0.02578125
3 0.5546875 0.796875 0.0125 0.0265625
5 0.3953125 0.5171875 0.021875 0.06015625
5 0.3765625 0.53515625 0.015625 0.07734375