5 0.45859375 0.59609375 0.02265625 0.07734375
5 0.4890625 0.61875 0.028125 0.07421875
5 0.5265625 0.60703125 0.03203125 0.12421875
5 0.6125 0.6421875 0.025 0.08359375
5 0.17734375 0.40078125 0.0203125 0.04140625
4 0.4609375 0.54453125 0.01328125 0.01796875
4 0.490625 0.56796875 0.01171875 0.02109375
4 0.52109375 0.52890625 0.0171875 0.01640625
3 0.45390625 0.68828125 0.01328125 0.02421875
3 0.46953125 0.6890625 0.01875 0.021875
3 0.48203125 0.7140625 0.01171875 0.01953125
3 0.48828125 0.7015625 0.01640625 0.02109375
3 0.5171875 0.6953125 0.02109375 0.02421875
3 0.58984375 0.734375 0.01796875 0.03203125
3 0.61796875 0.73203125 0.01484375 0.02265625
3 0.53515625 0.68046875 0.01484375 0.02265625