4 0.37265625 0.5453125 0.03203125 0.04921875
4 0.45078125 0.5703125 0.03125 0.05859375
5 0.3734375 0.6546875 0.0671875 0.153125
5 0.44921875 0.66171875 0.06484375 0.13671875
5 0.23203125 0.590625 0.06171875 0.125
5 0.46015625 0.49140625 0.05703125 0.13828125
5 0.74609375 0.19140625 0.03515625 0.1375
3 0.38359375 0.82734375 0.02109375 0.05390625
3 0.440625 0.853125 0.01796875 0.04296875
4 0.4703125 0.39296875 0.03671875 0.0515625
3 0.40625 0.80234375 0.02421875 0.03828125
2 0.22890625 0.603125 0.02421875 0.04609375
2 0.4953125 0.56015625 0.01796875 0.04921875
5 0.80625 0.9 0.07578125 0.17734375
5 0.33046875 0.34609375 0.04609375 0.11328125