4 0.25234375 0.140625 0.115625 0.1390625
4 0.421875 0.21875 0.07421875 0.115625
4 0.9359375 0.228125 0.07421875 0.10546875
4 0.053125 0.24765625 0.071875 0.09140625
4 0.1421875 0.2484375 0.06953125 0.10078125
4 0.5609375 0.259375 0.071875 0.10546875
4 0.646875 0.259375 0.06953125 0.09609375
4 0.83046875 0.2609375 0.053125 0.09609375
6 0.25234375 0.2765625 0.11328125 0.1734375
4 0.46875 0.31953125 0.0484375 0.115625
4 0.97734375 0.33203125 0.04296875 0.1109375
4 0.39921875 0.36875 0.06953125 0.10546875
4 0.91484375 0.3859375 0.06484375 0.115625
4 0.0609375 0.4265625 0.0765625 0.10546875
4 0.5609375 0.44140625 0.06015625 0.10546875
4 0.46171875 0.48828125 0.0671875 0.1078125
4 0.96875 0.4984375 0.06015625 0.10078125
4 0.3890625 0.06640625 0.06953125 0.09140625
4 0.05859375 0.6546875 0.0671875 0.14921875
4 0.7703125 0.74765625 0.146875 0.2546875
4 0.1625 0.0765625 0.0765625 0.0984375
6 0.6625 0.81640625 0.24765625 0.303125
4 0.90234375 0.084375 0.07421875 0.1109375
4 0.671875 0.0875 0.07421875 0.115625
4 0.053125 0.09375 0.06953125 0.10078125