4 0.95546875 0.1453125 0.084375 0.13203125
4 0.22578125 0.15234375 0.08671875 0.115625
4 0.0984375 0.16796875 0.0890625 0.115625
4 0.6296875 0.18984375 0.1515625 0.18515625
4 0.7828125 0.23828125 0.09375 0.12734375
4 0.54453125 0.28125 0.06484375 0.10078125
4 0.453125 0.290625 0.08203125 0.115625
4 0.35546875 0.296875 0.0765625 0.13203125
4 0.85078125 0.3578125 0.084375 0.134375
4 0.1140625 0.3609375 0.084375 0.1078125
4 0.9515625 0.3890625 0.09140625 0.13671875
4 0.015625 0.39921875 0.03125 0.14453125
4 0.459375 0.5515625 0.08671875 0.15390625
4 0.8484375 0.553125 0.06484375 0.1078125
4 0.10078125 0.55859375 0.0671875 0.10078125
4 0.946875 0.56015625 0.09140625 0.13203125
4 0.01953125 0.5796875 0.03828125 0.16328125
4 0.7453125 0.07109375 0.08671875 0.1296875
4 0.09140625 0.8140625 0.0484375 0.1515625
4 0.02265625 0.8296875 0.0453125 0.178125
4 0.47578125 0.08671875 0.08671875 0.1296875
6 0.60078125 0.11171875 0.20703125 0.2234375
4 0.34375 0.11796875 0.0890625 0.12265625